#==================================================
# num_nodes num_links (one-direction)
#==================================================
11
25
#==================================================
# source dest. length (km)
#==================================================
1 3 525
1 6 563
1 7 213
1 8 725
2 3 325
2 5 800
2 7 475
2 8 225
3 4 875
3 8 275
3 9 300
4 5 325
4 9 575
4 11 600
5 6 475
5 9 525
5 11 263
6 7 475
6 11 225
7 10 325
7 11 400
8 9 175
8 10 163
9 10 288
10 11 525