#==================================================
# num_nodes num_links (one-direction)
#==================================================
21
36
#==================================================
# source dest. length	(km)
#==================================================
1 3 140
1 4 110
1 6 210
2 3 95
2 7 90
3 4 110
3 7 90
4 5 90
4 8 95
5 6 85
5 8 95
7 8 130
7 9 120
7 10 150
8 10 55
8 11 200
9 10 60
9 13 180
10 12 110
10 13 180
11 14 130
12 13 120
12 14 170
13 15 400
13 16 180
14 16 200
14 17 270
15 19 400
16 17 210
16 18 90
16 19 310
16 21 350
17 18 100
18 20 200
19 21 150
20 21 210