46
76
1 2 451
1 3 358
2 4 529
2 10 660
3 4 540
3 5 894
4 8 304
5 6 335
5 7 442
5 8 477
6 7 200
6 9 453
7 8 561
7 13 422
8 11 308
8 12 495
9 14 381
10 11 297
10 21 909
11 12 210
11 20 396
12 13 461
12 18 764
12 19 743
13 14 468
13 15 550
14 16 579
15 17 373
16 17 395
16 22 558
17 18 304
17 22 342
18 19 300
18 23 201
19 20 389
19 24 447
20 21 374
20 25 770
21 26 368
22 23 338
22 32 472
22 33 412
23 24 503
23 31 542
24 25 215
25 27 293
25 29 317
26 27 378
27 28 476
28 29 197
28 42 360
29 30 308
29 41 813
30 31 238
30 40 819
31 32 214
32 38 362
33 34 374
33 36 751
33 38 562
34 35 562
34 36 393
35 36 403
36 37 321
37 38 346
37 40 251
38 39 317
39 40 454
40 41 327
41 42 709
41 46 266
42 43 376
42 45 449
43 44 352
44 45 366
45 46 178